[50, 88]
[43, 63]
[99, 96]
[21, 51]
[16, 2]
[58, 12]
[21, 40]
[15, 40]
[85, 62]
[62, 83]
[80, 90]
[38, 47]
[10, 98]
[9, 40]
[87, 86]
[41, 34]
[88, 29]
[52, 11]
[63, 83]
[48, 2]
[36, 50]
[31, 24]
[54, 84]
[54, 27]
[41, 28]
[31, 23]
[38, 23]
[22, 6]
[33, 90]
[85, 50]
[7, 52]
[23, 31]
[59, 4]
[11, 78]
[21, 29]
[91, 31]
[42, 5]
[19, 83]
[83, 87]
[39, 23]
[64, 36]
[72, 93]
[18, 60]
[5, 62]
[87, 85]
[90, 33]
[80, 48]
[86, 13]
[59, 48]
[3, 96]
[80, 54]
[85, 37]
[47, 11]
[37, 37]
[39, 25]
[45, 39]
[62, 5]
[88, 19]
[68, 90]
[23, 75]
[62, 15]
[50, 28]
[28, 31]
[42, 37]
[52, 4]
[30, 58]
[60, 99]
[22, 78]
[46, 77]
[95, 67]
[68, 4]
[72, 48]
[57, 38]
[31, 4]
[14, 37]
[41, 86]
[10, 32]
[52, 62]
[76, 7]
[27, 73]
[8, 70]
[58, 53]
[81, 72]
[19, 18]
[29, 7]
[46, 24]
[32, 12]
[79, 21]
[33, 68]
[66, 81]
[30, 90]
[98, 100]
[22, 22]
[35, 36]
[14, 77]
[27, 6]
[18, 44]
