[0.8707562761984937, 0.7428864565314954]
[0.9289680794722929, 0.2746415107700525]
[0.9540325399946248, 0.2186291429448837]
[0.7992520750933778, 0.5685257508168683]
0.35
[0.48586337435654503, 0.4299401549139258, 0.3627680055085218, 0.17674434920964863]
[0.8732548320100523, 0.03370722484137609, 0.3088503581864184, 0.16497803478511625]
[0.3528478907291806, 0.2818227065262809, 0.8208356946915217, 0.49883191634533336]
[0.07176243355452046, 0.88298008158082, 0.26627838615944516, 0.4845827568759734]
0.2
[0.7475758147887719, 0.8310363402483296, 0.6249579672511708, 0.17743470128780248]
[0.15229392399239267, 0.6671062267178657, 0.7160876440272689, 0.5313461866885979]
0.4
[0.63835220006687, 0.6823945872163905]
0.6
