[82, 33]
[94, 21]
[82, 43]
[73, 48]
[73, 37]
[29, 9]
[49, 66]
[19, 72]
[95, 30]
[98, 52]
[17, 22]
[76, 38]
[11, 66]
[40, 66]
[17, 61]
[67, 50]
[41, 1]
[65, 80]
[19, 69]
[33, 7]
[86, 97]
[31, 65]
[44, 55]
[75, 52]
[15, 41]
[32, 25]
[38, 32]
[79, 83]
[3, 43]
[29, 72]
[96, 23]
[1, 7]
[13, 6]
[91, 4]
[70, 95]
[45, 55]
[92, 99]
[75, 89]
[1, 39]
[76, 57]
[18, 74]
[92, 36]
[17, 89]
[96, 49]
[50, 26]
[57, 54]
[1, 97]
[68, 38]
[47, 63]
[59, 94]
[86, 86]
[39, 7]
[69, 16]
[20, 8]
[80, 36]
[60, 99]
[90, 6]
[80, 59]
[76, 50]
[46, 45]
[31, 68]
[19, 65]
[16, 82]
[32, 44]
[87, 18]
[88, 31]
[42, 44]
[1, 68]
[41, 20]
[8, 41]
[56, 40]
[53, 58]
[75, 77]
[100, 39]
[19, 90]
[15, 28]
[38, 74]
[27, 62]
[58, 3]
[39, 70]
[39, 12]
[2, 11]
[92, 95]
[76, 13]
[46, 36]
[99, 31]
[60, 46]
[58, 80]
[40, 80]
[7, 32]
[56, 91]
[66, 54]
[15, 80]
[2, 37]
[19, 39]
[30, 40]
[27, 26]
[51, 96]
[99, 93]
[11, 41]
